-6.768630396134009963e+00
-6.768630396134009963e+00
-6.768630396134009963e+00
-6.768630396134009963e+00
-6.768630396134009963e+00
-6.768630396134009963e+00
-6.768630396134009963e+00
-7.071168706006499605e+00
-7.071168706006499605e+00
-8.934379181653909541e+00
-8.934379181653909541e+00
-8.934379181653909541e+00
-9.004513194066849024e+00
-9.004513194066849024e+00
-9.004513194066849024e+00
-9.004513194066849024e+00
-9.004513194066849024e+00
-1.010480911995556674e+01
-1.010480911995556674e+01
-1.010480911995556674e+01
-1.010480911995556674e+01
-1.010480911995556674e+01
-1.010480911995556674e+01
-1.010480911995556674e+01
-1.010480911995556674e+01
-1.013405057163825695e+01
-1.018147805791126359e+01
-1.018147805791126359e+01
-1.093925348976935830e+01
-1.145913005317357225e+01
-1.188695624986873867e+01
-1.188695624986873867e+01
-1.188695624986873867e+01
-1.188695624986873867e+01
-1.188695624986873867e+01
-1.189116036066976889e+01
-1.189116036066976889e+01
-1.189116036066976889e+01
-1.189116036066976889e+01
-1.305538174283763198e+01
-1.343720694346924915e+01
-1.343720694346924915e+01
-1.431118239100750422e+01
-1.431118239100750422e+01
-1.431118239100750422e+01
-1.431118239100750422e+01
-1.431118239100750422e+01
-1.431118239100750422e+01
-1.538766193025422169e+01
-1.538766193025422169e+01
-1.538766193025422169e+01
-1.538766193025422169e+01
-1.538766193025422169e+01
-1.538766193025422169e+01
-1.539972219055484892e+01
-1.539972219055484892e+01
-1.539972219055484892e+01
-1.539972219055484892e+01
-1.539972219055484892e+01
-1.539972219055484892e+01
-1.539972219055484892e+01
-1.539972219055484892e+01
-1.539972219055484892e+01
-1.539972219055484892e+01
-1.539972219055484892e+01
-1.539972219055484892e+01
-1.539972219055484892e+01
-1.539972219055484892e+01
-1.539972219055484892e+01
-1.539972219055484892e+01
-1.539972219055484892e+01
-1.539972219055484892e+01
-1.539972219055484892e+01
-1.539972219055484892e+01
-1.539972219055484892e+01
-1.539972219055484892e+01
-1.539972219055484892e+01
-1.539972219055484892e+01
-1.539972219055484892e+01
-1.539972219055484892e+01
-1.539972219055484892e+01
-1.539972219055484892e+01
-1.539972219055484892e+01
-1.539972219055484892e+01
-1.568952996607714034e+01
-1.568952996607714034e+01
-1.568952996607714034e+01
-1.568952996607714034e+01
-1.568952996607714034e+01
-1.568952996607714034e+01
-1.568952996607714034e+01
-1.568952996607714034e+01
-1.568952996607714034e+01
-1.568952996607714034e+01
-1.568952996607714034e+01
-1.568952996607714034e+01
-1.568952996607714034e+01
-1.568952996607714034e+01
-1.568952996607714034e+01
-1.568952996607714034e+01
-1.568952996607714034e+01
-1.568952996607714034e+01
-1.568952996607714034e+01
-1.568952996607714034e+01
-1.568952996607714034e+01
-1.568952996607714034e+01
-1.568952996607714034e+01
-1.568952996607714034e+01
-1.568952996607714034e+01
-1.568952996607714034e+01
-1.568952996607714034e+01
-1.568952996607714034e+01
-1.568952996607714034e+01
-1.568952996607714034e+01
-1.568952996607714034e+01
-1.568952996607714034e+01
-1.568952996607714034e+01
-1.568952996607714034e+01
-1.568952996607714034e+01
-1.703503440033580318e+01
-1.703503440033580318e+01
-1.703503440033580318e+01
-1.703503440033580318e+01
-1.703503440033580318e+01
-1.703503440033580318e+01
-1.703503440033580318e+01
-1.703503440033580318e+01
-1.703503440033580318e+01
-1.703503440033580318e+01
-1.703503440033580318e+01
-1.703503440033580318e+01
-1.703503440033580318e+01
-1.703503440033580318e+01
-1.703503440033580318e+01
-1.703503440033580318e+01
-1.703503440033580318e+01
-1.703503440033580318e+01
-1.703503440033580318e+01
-1.703503440033580318e+01
-1.703503440033580318e+01
-1.703503440033580318e+01
-1.703503440033580318e+01
-1.703503440033580318e+01
-1.703503440033580318e+01
-1.703503440033580318e+01
-1.703503440033580318e+01
-1.703503440033580318e+01
-1.703503440033580318e+01
-1.703503440033580318e+01
-1.703503440033580318e+01
-1.703503440033580318e+01
-1.703503440033580318e+01
-1.703503440033580318e+01
-1.703503440033580318e+01
-1.703503440033580318e+01
-1.703503440033580318e+01
-1.703503440033580318e+01
-1.703503440033580318e+01
-1.703503440033580318e+01
-1.703503440033580318e+01
-1.703503440033580318e+01
-1.703503440033580318e+01
-1.882005022175568243e+01
-1.882005022175568243e+01
-1.882005022175568243e+01
-2.024154115964082479e+01
-2.024154115964082479e+01
-2.024154115964082479e+01
-2.024154115964082479e+01
-2.024154115964082479e+01
-2.024154115964082479e+01
-2.024154115964082479e+01
-2.024154115964082479e+01
-2.024154115964082479e+01
-2.024154115964082479e+01
-2.024154115964082479e+01
-2.024154115964082479e+01
-2.024154115964082479e+01
-2.024154115964082479e+01
-2.024154115964082479e+01
-2.024154115964082479e+01
-2.024154115964082479e+01
-2.058753967359253068e+01
-2.069238790986420895e+01
-2.069238790986420895e+01
-2.069238790986420895e+01
-2.069238790986420895e+01
-2.069238790986420895e+01
-2.069238790986420895e+01
-2.069238790986420895e+01
-2.069238790986420895e+01
-2.069238790986420895e+01
-2.069238790986420895e+01
-2.069238790986420895e+01
-2.069238790986420895e+01
-2.069238790986420895e+01
-2.069238790986420895e+01
-2.069238790986420895e+01
-2.069238790986420895e+01
-2.069238790986420895e+01
-2.069238790986420895e+01
-2.069238790986420895e+01
-2.069238790986420895e+01
-2.069238790986420895e+01
-2.069238790986420895e+01
-2.069238790986420895e+01
-2.069238790986420895e+01
-2.069238790986420895e+01
-2.069238790986420895e+01
-2.069238790986420895e+01
-2.069238790986420895e+01
-2.069238790986420895e+01
-2.069238790986420895e+01
-2.069238790986420895e+01
-2.069238790986420895e+01
-2.069238790986420895e+01
-2.069238790986420895e+01
-2.069238790986420895e+01
-2.069238790986420895e+01
-2.069238790986420895e+01
-2.069238790986420895e+01
-2.069238790986420895e+01
-2.069238790986420895e+01
-2.069238790986420895e+01
-2.069238790986420895e+01
-2.069238790986420895e+01
-2.069238790986420895e+01
-2.069238790986420895e+01
-2.069238790986420895e+01
-2.069238790986420895e+01
-2.069238790986420895e+01
-2.069238790986420895e+01
-2.069238790986420895e+01
-2.069238790986420895e+01
-2.069238790986420895e+01
-2.069238790986420895e+01
-2.069238790986420895e+01
-2.148960193177729749e+01
-2.148960193177729749e+01
-2.148960193177729749e+01
-2.148960193177729749e+01
-2.148960193177729749e+01
-2.148960193177729749e+01
-2.148960193177729749e+01
-2.148960193177729749e+01
-2.148960193177729749e+01
-2.148960193177729749e+01
-2.148960193177729749e+01
-2.148960193177729749e+01
-2.148960193177729749e+01
-2.148960193177729749e+01
-2.148960193177729749e+01
-2.148960193177729749e+01
-2.148960193177729749e+01
-2.148960193177729749e+01
-2.148960193177729749e+01
-2.148960193177729749e+01
-2.148960193177729749e+01
-2.148960193177729749e+01
-2.148960193177729749e+01
-2.148960193177729749e+01
-2.148960193177729749e+01
-2.148960193177729749e+01
-2.148960193177729749e+01
-2.148960193177729749e+01
-2.148960193177729749e+01
-2.148960193177729749e+01
-2.148960193177729749e+01
-2.148960193177729749e+01
-2.148960193177729749e+01
-2.148960193177729749e+01
-2.148960193177729749e+01
-2.148960193177729749e+01
-2.148960193177729749e+01
-2.148960193177729749e+01
-2.148960193177729749e+01
-2.148960193177729749e+01
-2.148960193177729749e+01
-2.148960193177729749e+01
-2.148960193177729749e+01
-2.148960193177729749e+01
-2.148960193177729749e+01
-2.148960193177729749e+01
-2.148960193177729749e+01
-2.148960193177729749e+01
-2.148960193177729749e+01
-2.148960193177729749e+01
-2.148960193177729749e+01
-2.148960193177729749e+01
-2.148960193177729749e+01
-2.148960193177729749e+01
-2.148960193177729749e+01
-2.148960193177729749e+01
-2.148960193177729749e+01
-2.148960193177729749e+01
-2.148960193177729749e+01
-2.148960193177729749e+01
-2.148960193177729749e+01
-2.148960193177729749e+01
-2.148960193177729749e+01
-2.148960193177729749e+01
-2.148960193177729749e+01
-2.148960193177729749e+01
-2.148960193177729749e+01
-2.148960193177729749e+01
-2.148960193177729749e+01
-2.148960193177729749e+01
-2.148960193177729749e+01
-2.148960193177729749e+01
-2.148960193177729749e+01
-2.148960193177729749e+01
-2.148960193177729749e+01
-2.148960193177729749e+01
-2.148960193177729749e+01
-2.148960193177729749e+01
-2.148960193177729749e+01
-2.148960193177729749e+01
-2.148960193177729749e+01
-2.148960193177729749e+01
-2.148960193177729749e+01
-2.148960193177729749e+01
-2.148960193177729749e+01
-2.148960193177729749e+01
-2.148960193177729749e+01
-2.148960193177729749e+01
-2.148960193177729749e+01
-2.148960193177729749e+01
-2.148960193177729749e+01
-2.148960193177729749e+01
-2.148960193177729749e+01
-2.148960193177729749e+01
-2.148960193177729749e+01
-2.148960193177729749e+01
-2.148960193177729749e+01
-2.148960193177729749e+01
-2.148960193177729749e+01
-2.148960193177729749e+01
-2.148960193177729749e+01
-2.148960193177729749e+01
-2.148960193177729749e+01
-2.148960193177729749e+01
-2.148960193177729749e+01
-2.148960193177729749e+01
-2.148960193177729749e+01
-2.148960193177729749e+01
-2.148960193177729749e+01
-2.148960193177729749e+01
-2.148960193177729749e+01
-2.148960193177729749e+01
-2.148960193177729749e+01
-2.148960193177729749e+01
-2.148960193177729749e+01
-2.148960193177729749e+01
-2.148960193177729749e+01
-2.148960193177729749e+01
-2.148960193177729749e+01
-2.148960193177729749e+01
-2.148960193177729749e+01
-2.148960193177729749e+01
-2.148960193177729749e+01
-2.148960193177729749e+01
-2.148960193177729749e+01
-2.148960193177729749e+01
-2.148960193177729749e+01
-2.148960193177729749e+01
-2.148960193177729749e+01
-2.148960193177729749e+01
-2.148960193177729749e+01
-2.148960193177729749e+01
-2.148960193177729749e+01
-2.148960193177729749e+01
-2.148960193177729749e+01
-2.148960193177729749e+01
-2.148960193177729749e+01
-2.148960193177729749e+01
-2.148960193177729749e+01
-2.148960193177729749e+01
-2.148960193177729749e+01
-2.148960193177729749e+01
-2.148960193177729749e+01
-2.159458458775877077e+01
-2.159458458775877077e+01
-2.159458458775877077e+01
-2.159458458775877077e+01
-2.159458458775877077e+01
-2.159458458775877077e+01
-2.159458458775877077e+01
-2.159458458775877077e+01
-2.159458458775877077e+01
-2.193779968474468234e+01
-2.193779968474468234e+01
-2.193779968474468234e+01
-2.193779968474468234e+01
-2.193779968474468234e+01
-2.193779968474468234e+01
-2.193779968474468234e+01
-2.193779968474468234e+01
-2.193779968474468234e+01
-2.193779968474468234e+01
-2.193779968474468234e+01
-2.193779968474468234e+01
-2.193779968474468234e+01
-2.193779968474468234e+01
-2.193779968474468234e+01
-2.193779968474468234e+01
-2.193779968474468234e+01
-2.193779968474468234e+01
-2.193779968474468234e+01
-2.193779968474468234e+01
-2.193779968474468234e+01
-2.193779968474468234e+01
-2.193779968474468234e+01
-2.193779968474468234e+01
-2.193779968474468234e+01
-2.193779968474468234e+01
-2.193779968474468234e+01
-2.193779968474468234e+01
-2.193779968474468234e+01
-2.193779968474468234e+01
-2.193779968474468234e+01
-2.193779968474468234e+01
-2.193779968474468234e+01
-2.193779968474468234e+01
-2.193779968474468234e+01
-2.193779968474468234e+01
-2.193779968474468234e+01
-2.193779968474468234e+01
-2.193779968474468234e+01
-2.193779968474468234e+01
-2.193779968474468234e+01
-2.193779968474468234e+01
-2.193779968474468234e+01
-2.193779968474468234e+01
-2.193779968474468234e+01
-2.193779968474468234e+01
-2.193779968474468234e+01
-2.193779968474468234e+01
-2.193779968474468234e+01
-2.193779968474468234e+01
-2.193779968474468234e+01
-2.193779968474468234e+01
-2.193779968474468234e+01
-2.193779968474468234e+01
-2.193779968474468234e+01
-2.193779968474468234e+01
-2.193779968474468234e+01
-2.193779968474468234e+01
-2.193779968474468234e+01
-2.193779968474468234e+01
-2.193779968474468234e+01
-2.193779968474468234e+01
-2.193779968474468234e+01
-2.193779968474468234e+01
-2.193779968474468234e+01
-2.193779968474468234e+01
-2.193779968474468234e+01
-2.193779968474468234e+01
-2.193779968474468234e+01
-2.193779968474468234e+01
-2.193779968474468234e+01
-2.193779968474468234e+01
-2.193779968474468234e+01
-2.193779968474468234e+01
-2.193779968474468234e+01
-2.193779968474468234e+01
-2.193779968474468234e+01
-2.193779968474468234e+01
-2.216940142607807118e+01
-2.216940142607807118e+01
-2.216940142607807118e+01
-2.216940142607807118e+01
-2.216940142607807118e+01
-2.216940142607807118e+01
-2.216940142607807118e+01
-2.216940142607807118e+01
-2.216940142607807118e+01
-2.216940142607807118e+01
-2.216940142607807118e+01
-2.216940142607807118e+01
-2.216940142607807118e+01
-2.216940142607807118e+01
-2.216940142607807118e+01
-2.216940142607807118e+01
-2.216940142607807118e+01
-2.216940142607807118e+01
-2.216940142607807118e+01
-2.216940142607807118e+01
-2.216940142607807118e+01
-2.216940142607807118e+01
-2.216940142607807118e+01
-2.216940142607807118e+01
-2.216940142607807118e+01
-2.216940142607807118e+01
-2.216940142607807118e+01
-2.216940142607807118e+01
-2.216940142607807118e+01
-2.216940142607807118e+01
-2.216940142607807118e+01
-2.216940142607807118e+01
-2.216940142607807118e+01
-2.216940142607807118e+01
-2.216940142607807118e+01
-2.216940142607807118e+01
-2.216940142607807118e+01
-2.216940142607807118e+01
-2.216940142607807118e+01
-2.216940142607807118e+01
-2.216940142607807118e+01
-2.216940142607807118e+01
-2.216940142607807118e+01
-2.216940142607807118e+01
-2.216940142607807118e+01
-2.216940142607807118e+01
-2.216940142607807118e+01
-2.216940142607807118e+01
-2.216940142607807118e+01
-2.216940142607807118e+01
-2.216940142607807118e+01
-2.216940142607807118e+01
-2.216940142607807118e+01
-2.216940142607807118e+01
-2.216940142607807118e+01
-2.216940142607807118e+01
-2.216940142607807118e+01
-2.216940142607807118e+01
-2.216940142607807118e+01
-2.216940142607807118e+01
-2.216940142607807118e+01
-2.218588554909924682e+01
-2.245180164784408561e+01
-2.245180164784408561e+01
-2.245180164784408561e+01
-2.245180164784408561e+01
-2.245180164784408561e+01
-2.245180164784408561e+01
-2.245180164784408561e+01
-2.330416056309504214e+01
-2.330416056309504214e+01
-2.330416056309504214e+01
-2.330416056309504214e+01
-2.330416056309504214e+01
-2.330416056309504214e+01
-2.330416056309504214e+01
-2.330416056309504214e+01
-2.330416056309504214e+01
-2.330416056309504214e+01
-2.330416056309504214e+01
-2.330416056309504214e+01
-2.330416056309504214e+01
-2.330416056309504214e+01
-2.330416056309504214e+01
-2.330416056309504214e+01
-2.330416056309504214e+01
-2.330416056309504214e+01
-2.330416056309504214e+01
-2.330416056309504214e+01
-2.330416056309504214e+01
-2.330416056309504214e+01
-2.330416056309504214e+01
-2.330416056309504214e+01
-2.330416056309504214e+01
-2.330416056309504214e+01
-2.330416056309504214e+01
-2.330416056309504214e+01
-2.330416056309504214e+01
-2.330416056309504214e+01
-2.330416056309504214e+01
-2.330416056309504214e+01
-2.330416056309504214e+01
-2.330416056309504214e+01
-2.330416056309504214e+01
-2.330416056309504214e+01
-2.330416056309504214e+01
-2.330416056309504214e+01
-2.330416056309504214e+01
-2.330416056309504214e+01
-2.330416056309504214e+01
-2.330416056309504214e+01
-2.330416056309504214e+01
-2.330416056309504214e+01
-2.330416056309504214e+01
-2.330416056309504214e+01
-2.330416056309504214e+01
-2.330416056309504214e+01
-2.330416056309504214e+01
-2.330416056309504214e+01
-2.330416056309504214e+01
-2.330416056309504214e+01
-2.330416056309504214e+01
-2.330416056309504214e+01
-2.330416056309504214e+01
-2.330416056309504214e+01
-2.330416056309504214e+01
-2.330416056309504214e+01
-2.330416056309504214e+01
-2.330416056309504214e+01
-2.330416056309504214e+01
-2.330416056309504214e+01
-2.330416056309504214e+01
-2.330416056309504214e+01
-2.330416056309504214e+01
-2.330416056309504214e+01
-2.330416056309504214e+01
-2.330416056309504214e+01
-2.330416056309504214e+01
-2.330416056309504214e+01
-2.330416056309504214e+01
-2.330416056309504214e+01
-2.330416056309504214e+01
-2.330416056309504214e+01
-2.330416056309504214e+01
-2.330416056309504214e+01
-2.330416056309504214e+01
-2.330416056309504214e+01
-2.330416056309504214e+01
-2.330416056309504214e+01
-2.330416056309504214e+01
-2.330416056309504214e+01
-2.330416056309504214e+01
-2.330416056309504214e+01
-2.330416056309504214e+01
-2.330416056309504214e+01
-2.330416056309504214e+01
-2.330416056309504214e+01
-2.330416056309504214e+01
-2.330416056309504214e+01
-2.330416056309504214e+01
-2.330416056309504214e+01
-2.330416056309504214e+01
-2.330416056309504214e+01
-2.330416056309504214e+01
-2.330416056309504214e+01
-2.330416056309504214e+01
-2.330416056309504214e+01
-2.330416056309504214e+01
-2.330416056309504214e+01
-2.330416056309504214e+01
-2.330416056309504214e+01
-2.330416056309504214e+01
-2.330416056309504214e+01
-2.330416056309504214e+01
-2.330416056309504214e+01
-2.330416056309504214e+01
-2.330416056309504214e+01
-2.330416056309504214e+01
-2.330416056309504214e+01
-2.330416056309504214e+01
-2.330416056309504214e+01
-2.330416056309504214e+01
-2.330416056309504214e+01
-2.330416056309504214e+01
-2.330416056309504214e+01
-2.330416056309504214e+01
-2.330416056309504214e+01
-2.330416056309504214e+01
-2.330416056309504214e+01
-2.330416056309504214e+01
-2.330416056309504214e+01
-2.330416056309504214e+01
-2.330416056309504214e+01
-2.330416056309504214e+01
-2.330416056309504214e+01
-2.330416056309504214e+01
-2.330416056309504214e+01
-2.330416056309504214e+01
-2.330416056309504214e+01
-2.330416056309504214e+01
-2.330416056309504214e+01
-2.330416056309504214e+01
-2.330416056309504214e+01
-2.330416056309504214e+01
-2.330416056309504214e+01
-2.332970242423860441e+01
-2.332970242423860441e+01
-2.332970242423860441e+01
-2.332970242423860441e+01
-2.332970242423860441e+01
-2.332970242423860441e+01
-2.332970242423860441e+01
-2.332970242423860441e+01
-2.332970242423860441e+01
-2.332970242423860441e+01
-2.332970242423860441e+01
-2.332970242423860441e+01
-2.332970242423860441e+01
-2.332970242423860441e+01
-2.332970242423860441e+01
-2.332970242423860441e+01
-2.332970242423860441e+01
-2.332970242423860441e+01
-2.332970242423860441e+01
-2.332970242423860441e+01
-2.332970242423860441e+01
-2.332970242423860441e+01
-2.332970242423860441e+01
-2.332970242423860441e+01
-2.332970242423860441e+01
-2.332970242423860441e+01
-2.332970242423860441e+01
-2.332970242423860441e+01
-2.332970242423860441e+01
-2.332970242423860441e+01
-2.332970242423860441e+01
-2.332970242423860441e+01
-2.332970242423860441e+01
-2.332970242423860441e+01
-2.410767557360127711e+01
-2.410767557360127711e+01
-2.410767557360127711e+01
-2.410767557360127711e+01
-2.410767557360127711e+01
-2.410767557360127711e+01
-2.410767557360127711e+01
-2.410767557360127711e+01
-2.410767557360127711e+01
-2.410767557360127711e+01
-2.410767557360127711e+01
-2.410767557360127711e+01
-2.410767557360127711e+01
-2.410767557360127711e+01
-2.410767557360127711e+01
-2.410767557360127711e+01
-2.410767557360127711e+01
-2.410767557360127711e+01
-2.410767557360127711e+01
-2.410767557360127711e+01
-2.410767557360127711e+01
-2.410767557360127711e+01
-2.410767557360127711e+01
-2.410767557360127711e+01
-2.410767557360127711e+01
-2.410767557360127711e+01
-2.410767557360127711e+01
-2.410767557360127711e+01
-2.410767557360127711e+01
-2.410767557360127711e+01
-2.410767557360127711e+01
-2.410767557360127711e+01
-2.410767557360127711e+01
-2.410767557360127711e+01
-2.411455352807693941e+01
-2.411455352807693941e+01
-2.411455352807693941e+01
-2.411455352807693941e+01
-2.411455352807693941e+01
-2.411455352807693941e+01
-2.411455352807693941e+01
-2.411455352807693941e+01
-2.411455352807693941e+01
-2.411455352807693941e+01
-2.411455352807693941e+01
-2.411455352807693941e+01
-2.411455352807693941e+01
-2.411455352807693941e+01
-2.411455352807693941e+01
-2.411455352807693941e+01
-2.411455352807693941e+01
-2.411455352807693941e+01
-2.411455352807693941e+01
-2.411455352807693941e+01
-2.411455352807693941e+01
-2.411455352807693941e+01
-2.411455352807693941e+01
-2.411455352807693941e+01
-2.411455352807693941e+01
-2.411455352807693941e+01
-2.411455352807693941e+01
-2.411455352807693941e+01
-2.411455352807693941e+01
-2.411455352807693941e+01
-2.411455352807693941e+01
-2.411455352807693941e+01
-2.411455352807693941e+01
-2.411455352807693941e+01
-2.411455352807693941e+01
-2.411455352807693941e+01
-2.411455352807693941e+01
-2.411455352807693941e+01
-2.411455352807693941e+01
-2.411455352807693941e+01
-2.411455352807693941e+01
-2.411455352807693941e+01
-2.411455352807693941e+01
-2.411455352807693941e+01
-2.411455352807693941e+01
-2.411455352807693941e+01
-2.411455352807693941e+01
-2.411455352807693941e+01
-2.411455352807693941e+01
-2.411455352807693941e+01
-2.411455352807693941e+01
-2.411455352807693941e+01
-2.411455352807693941e+01
-2.411455352807693941e+01
-2.411455352807693941e+01
-2.411455352807693941e+01
-2.411455352807693941e+01
-2.411455352807693941e+01
-2.411455352807693941e+01
-2.411455352807693941e+01
-2.411455352807693941e+01
-2.411455352807693941e+01
-2.411455352807693941e+01
-2.411455352807693941e+01
-2.411455352807693941e+01
-2.411455352807693941e+01
-2.411455352807693941e+01
-2.411455352807693941e+01
-2.411455352807693941e+01
-2.411455352807693941e+01
-2.411455352807693941e+01
-2.411455352807693941e+01
-2.411455352807693941e+01
-2.411455352807693941e+01
-2.411455352807693941e+01
-2.411455352807693941e+01
-2.411455352807693941e+01
-2.411455352807693941e+01
-2.411455352807693941e+01
-2.411455352807693941e+01
-2.411455352807693941e+01
-2.411455352807693941e+01
-2.411455352807693941e+01
-2.411455352807693941e+01
-2.411455352807693941e+01
-2.411455352807693941e+01
-2.411455352807693941e+01
-2.411455352807693941e+01
-2.411455352807693941e+01
-2.411455352807693941e+01
-2.411455352807693941e+01
-2.411455352807693941e+01
-2.411455352807693941e+01
-2.411455352807693941e+01
-2.411455352807693941e+01
-2.411455352807693941e+01
-2.411455352807693941e+01
-2.411455352807693941e+01
-2.411455352807693941e+01
-2.411455352807693941e+01
-2.411455352807693941e+01
-2.411455352807693941e+01
-2.411455352807693941e+01
-2.411455352807693941e+01
-2.411455352807693941e+01
-2.411455352807693941e+01
-2.411455352807693941e+01
-2.411455352807693941e+01
-2.411455352807693941e+01
-2.411455352807693941e+01
-2.411455352807693941e+01
-2.411455352807693941e+01
-2.411971905922012738e+01
-2.411971905922012738e+01
-2.411971905922012738e+01
-2.411971905922012738e+01
-2.411971905922012738e+01
-2.411971905922012738e+01
-2.411971905922012738e+01
-2.411971905922012738e+01
-2.411971905922012738e+01
-2.415487746903137989e+01
-2.415487746903137989e+01
-2.415487746903137989e+01
-2.415487746903137989e+01
-2.415487746903137989e+01
-2.415487746903137989e+01
-2.415487746903137989e+01
-2.415487746903137989e+01
-2.415487746903137989e+01
-2.415487746903137989e+01
-2.415487746903137989e+01
-2.415487746903137989e+01
-2.415487746903137989e+01
-2.415487746903137989e+01
-2.415487746903137989e+01
-2.415487746903137989e+01
-2.415487746903137989e+01
-2.415487746903137989e+01
-2.415487746903137989e+01
-2.415487746903137989e+01
-2.415487746903137989e+01
-2.415487746903137989e+01
-2.415487746903137989e+01
-2.415487746903137989e+01
-2.415487746903137989e+01
-2.415487746903137989e+01
-2.415487746903137989e+01
-2.415487746903137989e+01
-2.415487746903137989e+01
-2.415487746903137989e+01
-2.415487746903137989e+01
-2.415487746903137989e+01
-2.415487746903137989e+01
-2.415487746903137989e+01
-2.415487746903137989e+01
-2.415487746903137989e+01
-2.415487746903137989e+01
-2.415487746903137989e+01
-2.415487746903137989e+01
-2.415487746903137989e+01
-2.415487746903137989e+01
-2.415487746903137989e+01
-2.415487746903137989e+01
-2.415487746903137989e+01
-2.415487746903137989e+01
-2.415487746903137989e+01
-2.415487746903137989e+01
-2.415487746903137989e+01
-2.415487746903137989e+01
-2.415487746903137989e+01
-2.415487746903137989e+01
-2.415487746903137989e+01
-2.418537613413083420e+01
-2.418537613413083420e+01
-2.418537613413083420e+01
-2.418537613413083420e+01
-2.418537613413083420e+01
-2.418537613413083420e+01
-2.418537613413083420e+01
-2.418537613413083420e+01
-2.418537613413083420e+01
-2.418537613413083420e+01
-2.418537613413083420e+01
-2.418537613413083420e+01
-2.418537613413083420e+01
-2.418537613413083420e+01
-2.418537613413083420e+01
-2.418537613413083420e+01
-2.418537613413083420e+01
-2.418537613413083420e+01
-2.418537613413083420e+01
-2.418537613413083420e+01
-2.418537613413083420e+01
-2.418537613413083420e+01
-2.418537613413083420e+01
-2.418537613413083420e+01
-2.418537613413083420e+01
-2.418537613413083420e+01
-2.418537613413083420e+01
-2.418537613413083420e+01
-2.418537613413083420e+01
-2.483784800638571610e+01
-2.483784800638571610e+01
-2.483784800638571610e+01
-2.483784800638571610e+01
-2.483784800638571610e+01
-2.483784800638571610e+01
-2.483784800638571610e+01
-2.483784800638571610e+01
-2.483784800638571610e+01
-2.483784800638571610e+01
-2.483784800638571610e+01
-2.483784800638571610e+01
-2.483784800638571610e+01
-2.483784800638571610e+01
-2.483784800638571610e+01
-2.483784800638571610e+01
-2.483784800638571610e+01
-2.483784800638571610e+01
-2.483784800638571610e+01
-2.483784800638571610e+01
-2.483784800638571610e+01
-2.483784800638571610e+01
-2.483784800638571610e+01
-2.483784800638571610e+01
-2.483784800638571610e+01
-2.483784800638571610e+01
-2.483784800638571610e+01
-2.483784800638571610e+01
-2.483784800638571610e+01
-2.483784800638571610e+01
-2.483784800638571610e+01
-2.483784800638571610e+01
-2.483784800638571610e+01
-2.483784800638571610e+01
-2.483784800638571610e+01
-2.483784800638571610e+01
-2.483784800638571610e+01
-2.483784800638571610e+01
-2.483784800638571610e+01
-2.483784800638571610e+01
-2.483784800638571610e+01
-2.483784800638571610e+01
-2.483784800638571610e+01
-2.483784800638571610e+01
-2.483784800638571610e+01
-2.483784800638571610e+01
-2.483784800638571610e+01
-2.483784800638571610e+01
-2.483784800638571610e+01
-2.483784800638571610e+01
-2.483784800638571610e+01
-2.483784800638571610e+01
-2.483784800638571610e+01
-2.483784800638571610e+01
-2.483784800638571610e+01
-2.483784800638571610e+01
-2.483784800638571610e+01
-2.483784800638571610e+01
