-5.669054431073775824e+00
-6.066141321194364444e+00
-6.066141321194364444e+00
-6.066141321194364444e+00
-6.066141321194364444e+00
-6.066141321194364444e+00
-6.066141321194364444e+00
-6.066141321194364444e+00
-6.241490301444040156e+00
-6.241490301444040156e+00
-6.241490301444040156e+00
-6.241490301444040156e+00
-6.809244626580287729e+00
-6.809244626580287729e+00
-6.809244626580287729e+00
-6.809244626580287729e+00
-6.809244626580287729e+00
-6.809244626580287729e+00
-6.809244626580287729e+00
-6.809244626580287729e+00
-6.809244626580287729e+00
-6.809244626580287729e+00
-6.809244626580287729e+00
-6.809244626580287729e+00
-1.083451489186081496e+01
-1.083451489186081496e+01
-1.197038630520397362e+01
-1.197038630520397362e+01
-1.197038630520397362e+01
-1.197038630520397362e+01
-1.197038630520397362e+01
-1.197038630520397362e+01
-1.197038630520397362e+01
-1.197038630520397362e+01
-1.197038630520397362e+01
-1.197038630520397362e+01
-1.197038630520397362e+01
-1.197038630520397362e+01
-1.197038630520397362e+01
-1.197038630520397362e+01
-1.197038630520397362e+01
-1.197038630520397362e+01
-1.274580555048186525e+01
-1.274580555048186525e+01
-1.274580555048186525e+01
-1.274580555048186525e+01
-1.274580555048186525e+01
-1.274580555048186525e+01
-1.288661244626447733e+01
-1.288661244626447733e+01
-1.288661244626447733e+01
-1.288661244626447733e+01
-1.288661244626447733e+01
-1.288661244626447733e+01
-1.288661244626447733e+01
-1.288661244626447733e+01
-1.288661244626447733e+01
-1.288661244626447733e+01
-1.288661244626447733e+01
-1.288661244626447733e+01
-1.320143129017895767e+01
-1.320143129017895767e+01
-1.320143129017895767e+01
-1.320143129017895767e+01
-1.320143129017895767e+01
-1.320143129017895767e+01
-1.320143129017895767e+01
-1.320143129017895767e+01
-1.320143129017895767e+01
-1.320143129017895767e+01
-1.320143129017895767e+01
-1.411297974149877632e+01
-1.411297974149877632e+01
-1.411297974149877632e+01
-1.411297974149877632e+01
-1.411297974149877632e+01
-1.411297974149877632e+01
-1.454789981324787895e+01
-1.454789981324787895e+01
-1.454789981324787895e+01
-1.454789981324787895e+01
-1.454789981324787895e+01
-1.454789981324787895e+01
-1.454789981324787895e+01
-1.454789981324787895e+01
-1.454789981324787895e+01
-1.454789981324787895e+01
-1.454789981324787895e+01
-1.454789981324787895e+01
-1.454789981324787895e+01
-1.454789981324787895e+01
-1.776899264364002917e+01
-1.776899264364002917e+01
-1.776899264364002917e+01
-1.776899264364002917e+01
-1.776899264364002917e+01
-1.776899264364002917e+01
-1.776899264364002917e+01
-1.776899264364002917e+01
-1.776899264364002917e+01
-1.776899264364002917e+01
-1.776899264364002917e+01
-1.776899264364002917e+01
-1.776899264364002917e+01
-1.776899264364002917e+01
-1.776899264364002917e+01
-1.776899264364002917e+01
-1.776899264364002917e+01
-1.776899264364002917e+01
-1.776899264364002917e+01
-1.776899264364002917e+01
-1.776899264364002917e+01
-1.776899264364002917e+01
-1.776899264364002917e+01
-1.776899264364002917e+01
-1.776899264364002917e+01
-1.776899264364002917e+01
-1.776899264364002917e+01
-1.776899264364002917e+01
-1.776899264364002917e+01
-1.776899264364002917e+01
-1.776899264364002917e+01
-1.776899264364002917e+01
-1.776899264364002917e+01
-1.776899264364002917e+01
-1.776899264364002917e+01
-1.776899264364002917e+01
-1.776899264364002917e+01
-1.776899264364002917e+01
-1.776899264364002917e+01
-1.776899264364002917e+01
-1.776899264364002917e+01
-1.776899264364002917e+01
-1.776899264364002917e+01
-1.776899264364002917e+01
-1.776899264364002917e+01
-1.776899264364002917e+01
-1.776899264364002917e+01
-1.776899264364002917e+01
-1.776899264364002917e+01
-1.776899264364002917e+01
-1.776899264364002917e+01
-1.776899264364002917e+01
-1.776899264364002917e+01
-1.776899264364002917e+01
-1.776899264364002917e+01
-1.776899264364002917e+01
-1.776899264364002917e+01
-1.776899264364002917e+01
-1.776899264364002917e+01
-1.776899264364002917e+01
-1.776899264364002917e+01
-1.776899264364002917e+01
-1.776899264364002917e+01
-1.776899264364002917e+01
-1.776899264364002917e+01
-1.776899264364002917e+01
-1.776899264364002917e+01
-1.776899264364002917e+01
-1.776899264364002917e+01
-1.776899264364002917e+01
-1.776899264364002917e+01
-1.776899264364002917e+01
-1.776899264364002917e+01
-1.776899264364002917e+01
-1.776899264364002917e+01
-1.776899264364002917e+01
-1.776899264364002917e+01
-1.776899264364002917e+01
-1.776899264364002917e+01
-1.776899264364002917e+01
-1.776899264364002917e+01
-1.776899264364002917e+01
-1.776899264364002917e+01
-1.776899264364002917e+01
-1.776899264364002917e+01
-1.776899264364002917e+01
-1.776899264364002917e+01
-1.776899264364002917e+01
-1.776899264364002917e+01
-1.776899264364002917e+01
-1.776899264364002917e+01
-1.776899264364002917e+01
-1.776899264364002917e+01
-1.776899264364002917e+01
-1.776899264364002917e+01
-1.776899264364002917e+01
-1.776899264364002917e+01
-1.776899264364002917e+01
-1.776899264364002917e+01
-1.776899264364002917e+01
-1.776899264364002917e+01
-1.776899264364002917e+01
-1.776899264364002917e+01
-1.776899264364002917e+01
-1.776899264364002917e+01
-1.776899264364002917e+01
-1.776899264364002917e+01
-1.776899264364002917e+01
-1.776899264364002917e+01
-1.776899264364002917e+01
-1.776899264364002917e+01
-1.776899264364002917e+01
-1.776899264364002917e+01
-1.776899264364002917e+01
-1.776899264364002917e+01
-1.776899264364002917e+01
-1.776899264364002917e+01
-1.776899264364002917e+01
-1.776899264364002917e+01
-1.776899264364002917e+01
-1.776899264364002917e+01
-1.776899264364002917e+01
-1.776899264364002917e+01
-1.776899264364002917e+01
-1.776899264364002917e+01
-1.776899264364002917e+01
-1.776899264364002917e+01
-1.776899264364002917e+01
-1.776899264364002917e+01
-1.776899264364002917e+01
-1.776899264364002917e+01
-1.776899264364002917e+01
-1.776899264364002917e+01
-1.776899264364002917e+01
-1.776899264364002917e+01
-1.776899264364002917e+01
-1.776899264364002917e+01
-1.776899264364002917e+01
-1.776899264364002917e+01
-1.776899264364002917e+01
-1.776899264364002917e+01
-1.776899264364002917e+01
-1.776899264364002917e+01
-1.776899264364002917e+01
-1.776899264364002917e+01
-1.776899264364002917e+01
-1.776899264364002917e+01
-1.776899264364002917e+01
-1.776899264364002917e+01
-1.776899264364002917e+01
-1.776899264364002917e+01
-1.776899264364002917e+01
-1.776899264364002917e+01
-1.776899264364002917e+01
-1.776899264364002917e+01
-1.776899264364002917e+01
-1.776899264364002917e+01
-1.776899264364002917e+01
-1.776899264364002917e+01
-1.776899264364002917e+01
-1.776899264364002917e+01
-1.776899264364002917e+01
-1.776899264364002917e+01
-1.776899264364002917e+01
-1.776899264364002917e+01
-1.776899264364002917e+01
-1.776899264364002917e+01
-1.776899264364002917e+01
-1.776899264364002917e+01
-1.776899264364002917e+01
-1.776899264364002917e+01
-1.776899264364002917e+01
-1.776899264364002917e+01
-1.776899264364002917e+01
-1.776899264364002917e+01
-1.782422589951663738e+01
-1.782422589951663738e+01
-1.782422589951663738e+01
-1.880550378040471315e+01
-1.880550378040471315e+01
-1.880550378040471315e+01
-1.880550378040471315e+01
-1.880550378040471315e+01
-1.880550378040471315e+01
-1.880550378040471315e+01
-1.880550378040471315e+01
-1.880550378040471315e+01
-1.880550378040471315e+01
-1.880550378040471315e+01
-1.880550378040471315e+01
-1.880550378040471315e+01
-1.880550378040471315e+01
-1.880550378040471315e+01
-1.880550378040471315e+01
-1.880550378040471315e+01
-1.880550378040471315e+01
-1.880550378040471315e+01
-1.880550378040471315e+01
-1.880550378040471315e+01
-1.880550378040471315e+01
-1.880550378040471315e+01
-1.880550378040471315e+01
-1.880550378040471315e+01
-1.880550378040471315e+01
-1.880550378040471315e+01
-1.880550378040471315e+01
-1.880550378040471315e+01
-1.880550378040471315e+01
-1.880550378040471315e+01
-1.880550378040471315e+01
-1.880550378040471315e+01
-1.880550378040471315e+01
-1.880550378040471315e+01
-1.880550378040471315e+01
-1.880550378040471315e+01
-1.880550378040471315e+01
-1.880550378040471315e+01
-1.880550378040471315e+01
-1.880550378040471315e+01
-1.880550378040471315e+01
-1.880550378040471315e+01
-1.959756198720170062e+01
-1.959756198720170062e+01
-1.959756198720170062e+01
-1.959756198720170062e+01
-1.959756198720170062e+01
-1.959756198720170062e+01
-1.959756198720170062e+01
-1.959756198720170062e+01
-1.959756198720170062e+01
-1.959756198720170062e+01
-1.959756198720170062e+01
-1.959756198720170062e+01
-1.959756198720170062e+01
-1.959756198720170062e+01
-1.959756198720170062e+01
-1.959756198720170062e+01
-1.959939131702082449e+01
-1.959939131702082449e+01
-1.959939131702082449e+01
-1.959939131702082449e+01
-1.959939131702082449e+01
-1.959939131702082449e+01
-1.959939131702082449e+01
-1.959939131702082449e+01
-1.959939131702082449e+01
-1.959939131702082449e+01
-1.959939131702082449e+01
-1.959939131702082449e+01
-1.959939131702082449e+01
-1.959939131702082449e+01
-1.959939131702082449e+01
-1.959939131702082449e+01
-1.959939131702082449e+01
-1.959939131702082449e+01
-1.959939131702082449e+01
-1.959939131702082449e+01
-1.959939131702082449e+01
-1.959939131702082449e+01
-1.959939131702082449e+01
-2.008366285884772751e+01
-2.008366285884772751e+01
-2.008366285884772751e+01
-2.008366285884772751e+01
-2.008366285884772751e+01
-2.008366285884772751e+01
-2.008366285884772751e+01
-2.008366285884772751e+01
-2.008366285884772751e+01
-2.008366285884772751e+01
-2.008366285884772751e+01
-2.008366285884772751e+01
-2.008366285884772751e+01
-2.050582718992540521e+01
-2.050582718992540521e+01
-2.050582718992540521e+01
-2.050582718992540521e+01
-2.050582718992540521e+01
-2.050582718992540521e+01
-2.050582718992540521e+01
-2.050582718992540521e+01
-2.050582718992540521e+01
-2.050582718992540521e+01
-2.050582718992540521e+01
-2.050582718992540521e+01
-2.050582718992540521e+01
-2.050582718992540521e+01
-2.050582718992540521e+01
-2.050582718992540521e+01
-2.050582718992540521e+01
-2.050582718992540521e+01
-2.050582718992540521e+01
-2.050582718992540521e+01
-2.050582718992540521e+01
-2.050582718992540521e+01
-2.050582718992540521e+01
-2.050582718992540521e+01
-2.050582718992540521e+01
-2.050582718992540521e+01
-2.050582718992540521e+01
-2.050582718992540521e+01
-2.050582718992540521e+01
-2.050582718992540521e+01
-2.050582718992540521e+01
-2.050582718992540521e+01
-2.050582718992540521e+01
-2.050582718992540521e+01
-2.050582718992540521e+01
-2.050582718992540521e+01
-2.050582718992540521e+01
-2.050582718992540521e+01
-2.050582718992540521e+01
-2.050582718992540521e+01
-2.050582718992540521e+01
-2.050582718992540521e+01
-2.050582718992540521e+01
-2.050582718992540521e+01
-2.050582718992540521e+01
-2.050582718992540521e+01
-2.050582718992540521e+01
-2.050582718992540521e+01
-2.050582718992540521e+01
-2.050582718992540521e+01
-2.050582718992540521e+01
-2.050582718992540521e+01
-2.050582718992540521e+01
-2.050582718992540521e+01
-2.050582718992540521e+01
-2.050582718992540521e+01
-2.050582718992540521e+01
-2.050582718992540521e+01
-2.050582718992540521e+01
-2.050582718992540521e+01
-2.050582718992540521e+01
-2.050582718992540521e+01
-2.050582718992540521e+01
-2.050582718992540521e+01
-2.050582718992540521e+01
-2.050582718992540521e+01
-2.050582718992540521e+01
-2.050582718992540521e+01
-2.050582718992540521e+01
-2.050582718992540521e+01
-2.050582718992540521e+01
-2.050582718992540521e+01
-2.050582718992540521e+01
-2.050582718992540521e+01
-2.050582718992540521e+01
-2.050582718992540521e+01
-2.050582718992540521e+01
-2.050582718992540521e+01
-2.050582718992540521e+01
-2.050582718992540521e+01
-2.050582718992540521e+01
-2.050582718992540521e+01
-2.050582718992540521e+01
-2.050582718992540521e+01
-2.050582718992540521e+01
-2.050582718992540521e+01
-2.050582718992540521e+01
-2.050582718992540521e+01
-2.050582718992540521e+01
-2.050582718992540521e+01
-2.050582718992540521e+01
-2.050582718992540521e+01
-2.050582718992540521e+01
-2.050582718992540521e+01
-2.050582718992540521e+01
-2.050582718992540521e+01
-2.050582718992540521e+01
-2.050582718992540521e+01
-2.050582718992540521e+01
-2.050582718992540521e+01
-2.050582718992540521e+01
-2.050582718992540521e+01
-2.050582718992540521e+01
-2.050582718992540521e+01
-2.050582718992540521e+01
-2.050582718992540521e+01
-2.050582718992540521e+01
-2.050582718992540521e+01
-2.050582718992540521e+01
-2.050582718992540521e+01
-2.050582718992540521e+01
-2.050582718992540521e+01
-2.050582718992540521e+01
-2.050582718992540521e+01
-2.050582718992540521e+01
-2.050582718992540521e+01
-2.050582718992540521e+01
-2.050582718992540521e+01
-2.050582718992540521e+01
-2.050582718992540521e+01
-2.050582718992540521e+01
-2.050582718992540521e+01
-2.050582718992540521e+01
-2.050582718992540521e+01
-2.050582718992540521e+01
-2.050582718992540521e+01
-2.050582718992540521e+01
-2.050582718992540521e+01
-2.050582718992540521e+01
-2.050582718992540521e+01
-2.050582718992540521e+01
-2.050582718992540521e+01
-2.050582718992540521e+01
-2.050582718992540521e+01
-2.050582718992540521e+01
-2.050582718992540521e+01
