-5.669054431073775824e+00
-5.669054431073775824e+00
-5.697620827411187250e+00
-7.575786671964625185e+00
-7.575786671964625185e+00
-8.774806008464304696e+00
-8.774806008464304696e+00
-8.774806008464304696e+00
-9.194069959573399231e+00
-9.194069959573399231e+00
-9.194069959573399231e+00
-9.194069959573399231e+00
-9.194069959573399231e+00
-9.194069959573399231e+00
-9.194069959573399231e+00
-9.194069959573399231e+00
-9.194069959573399231e+00
-9.194069959573399231e+00
-9.194069959573399231e+00
-9.194069959573399231e+00
-9.194069959573399231e+00
-9.194069959573399231e+00
-9.194069959573399231e+00
-9.194069959573399231e+00
-9.194069959573399231e+00
-9.194069959573399231e+00
-9.194069959573399231e+00
-9.573261150200956138e+00
-9.573261150200956138e+00
-9.842990488364542045e+00
-9.842990488364542045e+00
-9.842990488364542045e+00
-9.842990488364542045e+00
-9.842990488364542045e+00
-9.842990488364542045e+00
-9.842990488364542045e+00
-9.842990488364542045e+00
-9.842990488364542045e+00
-9.842990488364542045e+00
-9.842990488364542045e+00
-9.842990488364542045e+00
-9.842990488364542045e+00
-9.842990488364542045e+00
-9.842990488364542045e+00
-9.842990488364542045e+00
-9.842990488364542045e+00
-9.842990488364542045e+00
-9.842990488364542045e+00
-9.842990488364542045e+00
-9.842990488364542045e+00
-9.842990488364542045e+00
-9.842990488364542045e+00
-9.842990488364542045e+00
-1.029654784227394870e+01
-1.029654784227394870e+01
-1.029654784227394870e+01
-1.029654784227394870e+01
-1.029654784227394870e+01
-1.029654784227394870e+01
-1.029654784227394870e+01
-1.029654784227394870e+01
-1.029654784227394870e+01
-1.029654784227394870e+01
-1.029654784227394870e+01
-1.029654784227394870e+01
-1.029654784227394870e+01
-1.029654784227394870e+01
-1.029654784227394870e+01
-1.029654784227394870e+01
-1.029654784227394870e+01
-1.029654784227394870e+01
-1.029654784227394870e+01
-1.029654784227394870e+01
-1.029654784227394870e+01
-1.029654784227394870e+01
-1.029654784227394870e+01
-1.029654784227394870e+01
-1.029654784227394870e+01
-1.029654784227394870e+01
-1.029654784227394870e+01
-1.029654784227394870e+01
-1.029654784227394870e+01
-1.029654784227394870e+01
-1.029654784227394870e+01
-1.029654784227394870e+01
-1.029654784227394870e+01
-1.029654784227394870e+01
-1.029654784227394870e+01
-1.029654784227394870e+01
-1.029654784227394870e+01
-1.029654784227394870e+01
-1.029654784227394870e+01
-1.029654784227394870e+01
-1.029654784227394870e+01
-1.029654784227394870e+01
-1.029654784227394870e+01
-1.029654784227394870e+01
-1.029654784227394870e+01
-1.029654784227394870e+01
-1.029654784227394870e+01
-1.029654784227394870e+01
-1.029654784227394870e+01
-1.029654784227394870e+01
-1.029654784227394870e+01
-1.029654784227394870e+01
-1.029654784227394870e+01
-1.029654784227394870e+01
-1.029654784227394870e+01
-1.029654784227394870e+01
-1.029654784227394870e+01
-1.029654784227394870e+01
-1.029654784227394870e+01
-1.029654784227394870e+01
-1.054279973203873055e+01
-1.054279973203873055e+01
-1.054279973203873055e+01
-1.054279973203873055e+01
-1.054279973203873055e+01
-1.054279973203873055e+01
-1.054279973203873055e+01
-1.054279973203873055e+01
-1.054279973203873055e+01
-1.054279973203873055e+01
-1.054279973203873055e+01
-1.054279973203873055e+01
-1.054279973203873055e+01
-1.054279973203873055e+01
-1.054279973203873055e+01
-1.054279973203873055e+01
-1.054279973203873055e+01
-1.054279973203873055e+01
-1.054279973203873055e+01
-1.054279973203873055e+01
-1.140730067691292504e+01
-1.140730067691292504e+01
-1.140730067691292504e+01
-1.140730067691292504e+01
-1.140730067691292504e+01
-1.140730067691292504e+01
-1.140730067691292504e+01
-1.140730067691292504e+01
-1.140730067691292504e+01
-1.140730067691292504e+01
-1.140730067691292504e+01
-1.140730067691292504e+01
-1.140730067691292504e+01
-1.140730067691292504e+01
-1.140730067691292504e+01
-1.140730067691292504e+01
-1.140730067691292504e+01
-1.140730067691292504e+01
-1.140730067691292504e+01
-1.140730067691292504e+01
-1.140730067691292504e+01
-1.140730067691292504e+01
-1.140730067691292504e+01
-1.140730067691292504e+01
-1.140730067691292504e+01
-1.140730067691292504e+01
-1.140730067691292504e+01
-1.140730067691292504e+01
-1.140730067691292504e+01
-1.140730067691292504e+01
-1.140730067691292504e+01
-1.140730067691292504e+01
-1.140730067691292504e+01
-1.140730067691292504e+01
-1.140730067691292504e+01
-1.140730067691292504e+01
-1.140730067691292504e+01
-1.140730067691292504e+01
-1.140730067691292504e+01
-1.140730067691292504e+01
-1.140730067691292504e+01
-1.140730067691292504e+01
-1.140730067691292504e+01
-1.140730067691292504e+01
-1.140730067691292504e+01
-1.140730067691292504e+01
-1.140730067691292504e+01
-1.140730067691292504e+01
-1.140730067691292504e+01
-1.140730067691292504e+01
-1.140730067691292504e+01
-1.140730067691292504e+01
-1.140730067691292504e+01
-1.140730067691292504e+01
-1.140730067691292504e+01
-1.140730067691292504e+01
-1.140730067691292504e+01
-1.140730067691292504e+01
-1.140730067691292504e+01
-1.140730067691292504e+01
-1.140730067691292504e+01
-1.140730067691292504e+01
-1.140730067691292504e+01
-1.140730067691292504e+01
-1.140730067691292504e+01
-1.140730067691292504e+01
-1.140730067691292504e+01
-1.140730067691292504e+01
-1.140730067691292504e+01
-1.140730067691292504e+01
-1.140730067691292504e+01
-1.140730067691292504e+01
-1.140730067691292504e+01
-1.140730067691292504e+01
-1.140730067691292504e+01
-1.140730067691292504e+01
-1.140730067691292504e+01
-1.140730067691292504e+01
-1.140730067691292504e+01
-1.140730067691292504e+01
-1.140730067691292504e+01
-1.140730067691292504e+01
-1.140730067691292504e+01
-1.140730067691292504e+01
-1.140730067691292504e+01
-1.140730067691292504e+01
-1.140730067691292504e+01
-1.140730067691292504e+01
-1.140730067691292504e+01
-1.140730067691292504e+01
-1.140730067691292504e+01
-1.140730067691292504e+01
-1.140730067691292504e+01
-1.140730067691292504e+01
-1.140730067691292504e+01
-1.140730067691292504e+01
-1.140730067691292504e+01
-1.140730067691292504e+01
-1.140730067691292504e+01
-1.140730067691292504e+01
-1.140730067691292504e+01
-1.140730067691292504e+01
-1.140730067691292504e+01
-1.140730067691292504e+01
-1.140730067691292504e+01
-1.140730067691292504e+01
-1.140730067691292504e+01
-1.140730067691292504e+01
-1.140730067691292504e+01
-1.140730067691292504e+01
-1.140730067691292504e+01
-1.140730067691292504e+01
-1.140730067691292504e+01
-1.140730067691292504e+01
-1.140730067691292504e+01
-1.140730067691292504e+01
-1.140730067691292504e+01
-1.140730067691292504e+01
-1.140730067691292504e+01
-1.140730067691292504e+01
-1.140730067691292504e+01
-1.140730067691292504e+01
-1.140730067691292504e+01
-1.140730067691292504e+01
-1.140730067691292504e+01
-1.140730067691292504e+01
-1.140730067691292504e+01
-1.140730067691292504e+01
-1.140730067691292504e+01
-1.140730067691292504e+01
-1.140730067691292504e+01
-1.140730067691292504e+01
-1.140730067691292504e+01
-1.140730067691292504e+01
-1.140730067691292504e+01
-1.140730067691292504e+01
-1.140730067691292504e+01
-1.140730067691292504e+01
-1.140730067691292504e+01
-1.140730067691292504e+01
-1.140730067691292504e+01
-1.140730067691292504e+01
-1.140730067691292504e+01
-1.140730067691292504e+01
-1.140730067691292504e+01
-1.140730067691292504e+01
-1.140730067691292504e+01
-1.140730067691292504e+01
-1.140730067691292504e+01
-1.140730067691292504e+01
-1.140730067691292504e+01
-1.140730067691292504e+01
-1.140730067691292504e+01
-1.140730067691292504e+01
-1.140730067691292504e+01
-1.140730067691292504e+01
-1.140730067691292504e+01
-1.140730067691292504e+01
-1.140730067691292504e+01
-1.140730067691292504e+01
-1.140730067691292504e+01
-1.140730067691292504e+01
-1.140730067691292504e+01
-1.140730067691292504e+01
-1.140730067691292504e+01
-1.140730067691292504e+01
-1.140730067691292504e+01
-1.140730067691292504e+01
-1.140730067691292504e+01
-1.140730067691292504e+01
-1.140730067691292504e+01
-1.140730067691292504e+01
-1.140730067691292504e+01
-1.140730067691292504e+01
-1.140730067691292504e+01
-1.140730067691292504e+01
-1.140730067691292504e+01
-1.140730067691292504e+01
-1.140730067691292504e+01
-1.140730067691292504e+01
-1.140730067691292504e+01
-1.140730067691292504e+01
-1.140730067691292504e+01
-1.140730067691292504e+01
-1.140730067691292504e+01
-1.140730067691292504e+01
-1.140730067691292504e+01
-1.140730067691292504e+01
-1.140730067691292504e+01
-1.140730067691292504e+01
-1.140730067691292504e+01
-1.140730067691292504e+01
-1.140730067691292504e+01
-1.140730067691292504e+01
-1.140730067691292504e+01
-1.140730067691292504e+01
-1.140730067691292504e+01
-1.140730067691292504e+01
-1.140730067691292504e+01
-1.140730067691292504e+01
-1.140730067691292504e+01
-1.140730067691292504e+01
-1.140730067691292504e+01
-1.140730067691292504e+01
-1.140730067691292504e+01
-1.140730067691292504e+01
-1.140730067691292504e+01
-1.140730067691292504e+01
-1.140730067691292504e+01
-1.140730067691292504e+01
-1.140730067691292504e+01
-1.140730067691292504e+01
-1.140730067691292504e+01
-1.140730067691292504e+01
-1.140730067691292504e+01
-1.140730067691292504e+01
-1.140730067691292504e+01
-1.140730067691292504e+01
-1.140730067691292504e+01
-1.140730067691292504e+01
-1.140730067691292504e+01
-1.140730067691292504e+01
-1.140730067691292504e+01
-1.140730067691292504e+01
-1.140730067691292504e+01
-1.140730067691292504e+01
-1.140730067691292504e+01
-1.140730067691292504e+01
-1.140730067691292504e+01
-1.140730067691292504e+01
-1.140730067691292504e+01
-1.140730067691292504e+01
-1.140730067691292504e+01
-1.140730067691292504e+01
-1.140730067691292504e+01
-1.140730067691292504e+01
-1.140730067691292504e+01
-1.140730067691292504e+01
-1.140730067691292504e+01
-1.140730067691292504e+01
-1.140730067691292504e+01
-1.140730067691292504e+01
-1.140730067691292504e+01
-1.140730067691292504e+01
-1.140730067691292504e+01
-1.140730067691292504e+01
-1.140730067691292504e+01
-1.140730067691292504e+01
-1.140730067691292504e+01
-1.140730067691292504e+01
-1.140730067691292504e+01
-1.140730067691292504e+01
-1.140730067691292504e+01
-1.140730067691292504e+01
-1.140730067691292504e+01
-1.140730067691292504e+01
-1.140730067691292504e+01
-1.140730067691292504e+01
-1.140730067691292504e+01
-1.140730067691292504e+01
-1.140730067691292504e+01
-1.140730067691292504e+01
-1.140730067691292504e+01
-1.140730067691292504e+01
-1.140730067691292504e+01
-1.140730067691292504e+01
-1.140730067691292504e+01
-1.140730067691292504e+01
-1.140730067691292504e+01
-1.140730067691292504e+01
-1.140730067691292504e+01
-1.140730067691292504e+01
-1.140730067691292504e+01
-1.140730067691292504e+01
-1.140730067691292504e+01
-1.140730067691292504e+01
-1.140730067691292504e+01
-1.140730067691292504e+01
-1.140730067691292504e+01
-1.140730067691292504e+01
-1.140730067691292504e+01
-1.140730067691292504e+01
-1.140730067691292504e+01
-1.140730067691292504e+01
-1.140730067691292504e+01
-1.140730067691292504e+01
-1.140730067691292504e+01
-1.140730067691292504e+01
-1.140730067691292504e+01
-1.140730067691292504e+01
-1.140730067691292504e+01
-1.140730067691292504e+01
-1.140730067691292504e+01
-1.140730067691292504e+01
-1.140730067691292504e+01
-1.140730067691292504e+01
-1.140730067691292504e+01
-1.140730067691292504e+01
-1.140730067691292504e+01
-1.140730067691292504e+01
-1.140730067691292504e+01
-1.140730067691292504e+01
-1.140730067691292504e+01
-1.140730067691292504e+01
-1.140730067691292504e+01
-1.140730067691292504e+01
-1.140730067691292504e+01
-1.140730067691292504e+01
-1.140730067691292504e+01
-1.140730067691292504e+01
-1.140730067691292504e+01
-1.140730067691292504e+01
-1.140730067691292504e+01
-1.140730067691292504e+01
-1.140730067691292504e+01
-1.140730067691292504e+01
-1.140730067691292504e+01
-1.140730067691292504e+01
-1.140730067691292504e+01
-1.140730067691292504e+01
-1.140730067691292504e+01
-1.140730067691292504e+01
-1.140730067691292504e+01
-1.140730067691292504e+01
-1.140730067691292504e+01
-1.140730067691292504e+01
-1.140730067691292504e+01
-1.140730067691292504e+01
-1.140730067691292504e+01
-1.140730067691292504e+01
-1.140730067691292504e+01
-1.140730067691292504e+01
-1.140730067691292504e+01
-1.140730067691292504e+01
-1.140730067691292504e+01
-1.140730067691292504e+01
-1.140730067691292504e+01
-1.140730067691292504e+01
-1.140730067691292504e+01
-1.140730067691292504e+01
-1.140730067691292504e+01
-1.140730067691292504e+01
-1.140730067691292504e+01
-1.140730067691292504e+01
-1.140730067691292504e+01
-1.140730067691292504e+01
-1.140730067691292504e+01
-1.140730067691292504e+01
-1.140730067691292504e+01
-1.140730067691292504e+01
-1.140730067691292504e+01
-1.140730067691292504e+01
-1.140730067691292504e+01
-1.140730067691292504e+01
-1.140730067691292504e+01
-1.140730067691292504e+01
-1.140730067691292504e+01
-1.140730067691292504e+01
-1.140730067691292504e+01
-1.140730067691292504e+01
-1.140730067691292504e+01
-1.140730067691292504e+01
-1.140730067691292504e+01
-1.140730067691292504e+01
-1.140730067691292504e+01
-1.140730067691292504e+01
-1.140730067691292504e+01
